1 0.4536115091208797 0.713282141150483 0.19229552572333747 0.14365081920636577
1 0.38945076361514974 0.5353441160201199 0.14890041708202817 0.13492828591104947
1 0.21271121566359555 0.6135874241280468 0.11443717782066351 0.22501527739572216
1 0.36209416458859134 0.45101490744776646 0.24927452547386714 0.10480009436935098
1 0.6219491383637782 0.2905905749102256 0.27415217282618526 0.15371645902059491
1 0.8647768294241184 0.4863132218503598 0.25492140359541604 0.15304490576113822
1 0.7909593637668598 0.7927921687987128 0.15117838536379608 0.12780069160694296
1 0.94546196991093 0.8186277706443433 0.08289346278581369 0.20709708027218182
1 0.8372977060488446 0.6842680480400654 0.20224658466426496 0.16321736506686307
1 0.6972242601200289 0.7263964245557417 0.1739459015971177 0.19346003517767804
1 0.8758127466308818 0.335779032683963 0.2262011276213407 0.15924911433349168