0 0.283015219823268 0.4857669363659589 0.32777935356488247 0.2966222630831709
0 0.5040175160638863 0.2871613640713279 0.3444943157077966 0.2952967351563174
0 0.7865550668049899 0.2967822759036809 0.33007123878471956 0.29437246239032366
0 0.5536554425111926 0.6540721349632267 0.35561785900495535 0.27683619323054304
0 0.5170512012428456 0.8517105371837452 0.3907798638405755 0.25991610591475806
0 0.3047026798964926 0.8737570220206143 0.30586152191789695 0.23769759170287147
0 0.27911647069703815 0.7126527475934912 0.3149763962575886 0.27902511270125313
0 0.21971823757581457 0.2655982442002437 0.3665767748284479 0.30629852892069265
0 0.11000072691909234 0.16172229867677515 0.21507517274178817 0.24386309495414202
0 0.30741903321198033 0.09251855751483641 0.35030302856687473 0.18503711502967282
0 0.7051469246668574 0.1260453340787113 0.34952592988350684 0.2520906681574226
0 0.7771111156669187 0.7928522742425513 0.3463383571915975 0.2834315498480858
0 0.8665734609011003 0.5437175081920641 0.26685307819779946 0.287716224550644