1 0.5180305065574717 0.3104559305340515 0.1950588143196694 0.15734204647017747
1 0.4484721627864303 0.4684544368125032 0.1535635285109791 0.14246522963594735
1 0.2867999017143585 0.376915479643513 0.12900070277930448 0.22217887929142308
1 0.41891267438907176 0.5442261306413274 0.238842187662829 0.12447812682336658
1 0.6546427921564919 0.7235724857583027 0.26527427373585244 0.1718321367258548
1 0.883934375325658 0.5718351748449382 0.23213124934868398 0.1740678895817598
1 0.8395892017181653 0.27665814114071957 0.15558943394884148 0.13542178447235015
1 0.9672858948264704 0.2597971514310563 0.06542821034705917 0.226028551794139
1 0.8773952849381874 0.3810908622013863 0.2030262342131747 0.1722694032870777
1 0.7476608043691099 0.3277107635643526 0.18290338169249326 0.19960271745176142
1 0.8911620764179354 0.7110901584700741 0.21767584716412905 0.1751269893520772