0 0.7179447200759144 0.4884111040124302 0.32584638386994985 0.2614054860956786
0 0.48194700378769856 0.3239861916819696 0.3426733069468729 0.2615033822703821
0 0.193477228651195 0.37732612637571533 0.3258463838699498 0.2614054860956786
0 0.4541863396360768 0.7038008765735693 0.3555835441884797 0.23995267789265556
0 0.5082146614064198 0.8933131380286011 0.387052177469091 0.20889847024206284
0 0.7222410157476981 0.8908665350161613 0.3006818092285707 0.21079885035457616
0 0.7391514255071516 0.7177616416036087 0.3128185933130724 0.2469124833335276
0 0.7691055392069732 0.25503524215603873 0.3624083560714656 0.268826802074439
0 0.8826658383391315 0.1258211181253259 0.23130645736291447 0.21520097279563938
0 0.6659917345720603 0.08268015793187655 0.35551653085587925 0.1653603158637531
0 0.2621878840336118 0.16787684471526704 0.3452452463986602 0.2639212135920431
0 0.2365547760304692 0.8780735314986574 0.34580006627515386 0.23749289106755028
0 0.1283964925580027 0.6469834432248358 0.2567929851160054 0.2541100366272514