0 0.22435565516347986 0.5250757248629916 0.34088493161682804 0.3047580743107031
0 0.465562667155687 0.6954300965726767 0.36001775162268285 0.3035865918448485
0 0.7640538293667755 0.6367420206008441 0.3407869823919136 0.3023542281568569
0 0.5019610831244344 0.3022937870772625 0.3687515932138373 0.282568158304229
0 0.45409023030152124 0.11547962202913332 0.4091272317046498 0.23095924405826665
0 0.22832459028981172 0.11644863450890185 0.3173892809588381 0.2328972690178037
0 0.20881224381462565 0.2887124329727115 0.3258741593442644 0.2894107246216324
0 0.17815198423583342 0.7685412494675862 0.35630396847166684 0.31443434014822486
0 0.08254299403417999 0.8662802899451966 0.16508598806835997 0.1857086508788376
0 0.27079198227751033 0.9153013121077881 0.3538469504530725 0.15214428415254078
0 0.6865063529120812 0.8335170312775061 0.358352614799137 0.26272120722946385
0 0.7336750934779757 0.13093811987108425 0.36183390242704216 0.2618762397421685
0 0.8449805540810184 0.3570343176164898 0.2875105701076405 0.28934984339949527