0 0.866694659490634 0.17916655118136074 0.10840567955503662 0.18621796230445528
0 0.8861498510664785 0.4793954879398337 0.11949030254413792 0.222611431241876
0 0.8508880229884282 0.32295089475209565 0.1215554165542257 0.15547162724904787
0 0.6632003048254836 0.20673449687078033 0.08324489207350101 0.09892400334910502
0 0.6183067315582801 0.28653838001942206 0.09790875191542188 0.1642475702901116
0 0.5490624969868064 0.2709019423523903 0.10222669809854204 0.15239622783574502
0 0.3893659220237353 0.10315547327240471 0.1005084965190969 0.16913920675523597
0 0.5105438036259264 0.3889994756477063 0.08682412892632058 0.12785410135269096
0 0.5098724209991485 0.5202189514259019 0.09732105656593532 0.14982449336703468
0 0.5754578215839536 0.5937575571788216 0.10703439040623422 0.1525641161506092
0 0.5083684699605977 0.6310057348964052 0.0946233627373456 0.142529010748064
0 0.5378206712473036 0.7334897058587528 0.0980067011403363 0.16665141644395748
0 0.5961537390449974 0.68812187115372 0.09521105808683245 0.15695208767114094