0 0.7263965264545411 0.04507091335189125 0.21240843752446692 0.0901418267037825
0 0.4208028226980355 0.10454472723028664 0.24542126483054055 0.14562928601224887
0 0.5885683885226738 0.08914268856017397 0.17794568420798412 0.14043000900574226
0 0.7729434089024335 0.2395431012502793 0.1138507452167746 0.09439331771948065
0 0.7080700971602719 0.3096462244106321 0.1844856694100656 0.12124119527841747
0 0.7487981278724766 0.37432630787944154 0.1749542289521135 0.12358910076100435
0 0.9402472818611955 0.4837564471955513 0.11950543627760897 0.1137639386283978
0 0.6457990542985047 0.4542685783402156 0.1454365218465027 0.10419050951645768
0 0.5162584616689507 0.4970980776784298 0.1698947041721248 0.1163495919638363
0 0.4187195369174752 0.4579940228525601 0.17023048080185313 0.12596497657922093
0 0.404704743114527 0.5386207651811098 0.16019537539930795 0.11388980513873101
0 0.2942957083524681 0.5440717752082828 0.18680557140647988 0.1188513342923861
0 0.31689185200874204 0.4682037771000735 0.17710624263366326 0.11639154746728067