0 0.8887039147652497 0.7063052504160274 0.09839154874405463 0.20072006380056973
0 0.8792029414753176 0.38775041303475954 0.10359083900503362 0.2347945285290597
0 0.8580141824781158 0.5577021181025658 0.11236708514908991 0.16352038106296277
0 0.6700378286123824 0.7182318571007849 0.07806989950055893 0.10528758950199418
0 0.6144704963154589 0.6438472022759272 0.09090029745874026 0.1760506744001422
0 0.542089384517487 0.6729930193571236 0.09554016207216684 0.16204821605170933
0 0.3907852491064393 0.8807437336326219 0.09090029745874026 0.17605067440014247
0 0.4894014101748289 0.5575326706295594 0.08083737232531386 0.13674789878931606
0 0.47538475891154136 0.42067852715099807 0.09070449848209705 0.15922375132321925
0 0.5364738932821003 0.3300842565064113 0.10031988309748166 0.1600649884725069
0 0.46114433738923294 0.30305515290320606 0.08578492104489427 0.14918774813319075
0 0.4816617856093721 0.1907957555277075 0.0884964513048941 0.1758403651128203
0 0.5496958891935682 0.225667325454417 0.08598072002153746 0.16601467121011382