1 0.7217737820561563 0.5132211538461539 0.14530762715250872 0.18509615384615385
1 0.5659992777618594 0.43149038461538464 0.1330646336982411 0.1466346153846154
1 0.6510009735509923 0.2824519230769231 0.21226569026483097 0.125
1 0.4916758393420358 0.39783653846153844 0.11669922115920624 0.22596153846153846
1 0.3245587822072269 0.6129807692307693 0.16013627394221458 0.2548076923076923
1 0.475699607436367 0.8713942307692307 0.16495795141772168 0.25721153846153844
1 0.7655868316598654 0.8329326923076923 0.1234632342506714 0.14903846153846154
1 0.7840484166608207 0.9651442307692307 0.22396326217432153 0.06971153846153846
1 0.663269533275441 0.859375 0.15977265957902986 0.19230769230769232
1 0.7132546304039344 0.7379807692307693 0.18608910076100435 0.17067307692307693
1 0.34112617832442677 0.8641826923076923 0.16487404041083295 0.24278846153846154